[LEFT_CAM_2K]
fx=1400.6
fy=1400.6
cx=1158.29
cy=635.257
k1=-0.169203
k2=0.0213901
p1=0
p2=0

[RIGHT_CAM_2K]
fx=1399.86
fy=1399.86
cx=1073.37
cy=579.72
k1=-0.169458
k2=0.0213622
p1=0
p2=0

[LEFT_CAM_FHD]
fx=1400.6
fy=1400.6
cx=1014.29
cy=554.257
k1=-0.169203
k2=0.0213901
p1=0
p2=0

[RIGHT_CAM_FHD]
fx=1399.86
fy=1399.86
cx=929.375
cy=498.72
k1=-0.169458
k2=0.0213622
p1=0
p2=0

[LEFT_CAM_HD]
fx=700.298
fy=700.298
cx=665.647
cy=365.629
k1=-0.169203
k2=0.0213901
p1=0
p2=0

[RIGHT_CAM_HD]
fx=699.931
fy=699.931
cx=623.187
cy=337.86
k1=-0.169458
k2=0.0213622
p1=0
p2=0

[LEFT_CAM_VGA]
fx=350.149
fy=350.149
cx=348.324
cy=190.314
k1=-0.169203
k2=0.0213901
p1=0
p2=0

[RIGHT_CAM_VGA]
fx=349.966
fy=349.966
cx=327.094
cy=176.43
k1=-0.169458
k2=0.0213622
p1=0
p2=0

[STEREO]
Baseline=120
CV_2K=0.0110374
CV_FHD=0.0110374
CV_HD=0.0110374
CV_VGA=0.0110374
RX_2K=-0.0211024
RX_FHD=-0.0211024
RX_HD=-0.0211024
RX_VGA=-0.0211024
RZ_2K=-0.00204861
RZ_FHD=-0.00204861
RZ_HD=-0.00204861
RZ_VGA=-0.00204861



