[LEFT_CAM_2K]
fx=1402.08
fy=1402.08
cx=1154.69
cy=610.893
k1=-0.174295
k2=0.0274443
p1=0
p2=0

[RIGHT_CAM_2K]
fx=1402.61
fy=1402.61
cx=1065.04
cy=705.724
k1=-0.173102
k2=0.0268389
p1=0
p2=0

[LEFT_CAM_FHD]
fx=1402.08
fy=1402.08
cx=1010.69
cy=529.893
k1=-0.174295
k2=0.0274443
p1=0
p2=0

[RIGHT_CAM_FHD]
fx=1402.61
fy=1402.61
cx=921.04
cy=624.724
k1=-0.173102
k2=0.0268389
p1=0
p2=0

[LEFT_CAM_HD]
fx=701.039
fy=701.039
cx=663.847
cy=353.446
k1=-0.174295
k2=0.0274443
p1=0
p2=0

[RIGHT_CAM_HD]
fx=701.305
fy=701.305
cx=619.02
cy=400.862
k1=-0.173102
k2=0.0268389
p1=0
p2=0

[LEFT_CAM_VGA]
fx=350.519
fy=350.519
cx=347.424
cy=184.223
k1=-0.174295
k2=0.0274443
p1=0
p2=0

[RIGHT_CAM_VGA]
fx=350.652
fy=350.652
cx=325.01
cy=207.931
k1=-0.173102
k2=0.0268389
p1=0
p2=0

[STEREO]
Baseline=120
CV_2K=0.0174516
CV_FHD=0.0174516
CV_HD=0.0174516
CV_VGA=0.0174516
RX_2K=-0.00480764
RX_FHD=-0.00480764
RX_HD=-0.00480764
RX_VGA=-0.00480764
RZ_2K=0.000926141
RZ_FHD=0.000926141
RZ_HD=0.000926141
RZ_VGA=0.000926141



