[LEFT_CAM_2K]
fx=1402.19
fy=1402.19
cx=1094.81
cy=650.542
k1=-0.174505
k2=0.0275352
p1=0
p2=0

[RIGHT_CAM_2K]
fx=1396.58
fy=1396.58
cx=1054.97
cy=610.909
k1=-0.175278
k2=0.0282688
p1=0
p2=0

[LEFT_CAM_FHD]
fx=1402.19
fy=1402.19
cx=950.808
cy=569.542
k1=-0.174505
k2=0.0275352
p1=0
p2=0

[RIGHT_CAM_FHD]
fx=1396.58
fy=1396.58
cx=910.971
cy=529.909
k1=-0.175278
k2=0.0282688
p1=0
p2=0

[LEFT_CAM_HD]
fx=701.095
fy=701.095
cx=633.904
cy=373.271
k1=-0.174505
k2=0.0275352
p1=0
p2=0

[RIGHT_CAM_HD]
fx=698.289
fy=698.289
cx=613.986
cy=353.455
k1=-0.175278
k2=0.0282688
p1=0
p2=0

[LEFT_CAM_VGA]
fx=350.547
fy=350.547
cx=332.452
cy=194.135
k1=-0.174505
k2=0.0275352
p1=0
p2=0

[RIGHT_CAM_VGA]
fx=349.145
fy=349.145
cx=322.493
cy=184.227
k1=-0.175278
k2=0.0282688
p1=0
p2=0

[STEREO]
Baseline=120
CV_2K=0.0180382
CV_FHD=0.0180382
CV_HD=0.0180382
CV_VGA=0.0180382
RX_2K=0.00913623
RX_FHD=0.00913623
RX_HD=0.00913623
RX_VGA=0.00913623
RZ_2K=-0.0000259224
RZ_FHD=-0.0000259224
RZ_HD=-0.0000259224
RZ_VGA=-0.0000259224



