[LEFT_CAM_2K]
fx=1403.32
fy=1403.32
cx=1076.35
cy=651.461
k1=-0.174499
k2=0.027029
p1=0
p2=0

[RIGHT_CAM_2K]
fx=1397.51
fy=1397.51
cx=1060.06
cy=665.128
k1=-0.174354
k2=0.0275084
p1=0
p2=0

[LEFT_CAM_FHD]
fx=1403.32
fy=1403.32
cx=932.346
cy=570.461
k1=-0.174499
k2=0.027029
p1=0
p2=0

[RIGHT_CAM_FHD]
fx=1397.51
fy=1397.51
cx=916.058
cy=584.128
k1=-0.174354
k2=0.0275084
p1=0
p2=0

[LEFT_CAM_HD]
fx=701.66
fy=701.66
cx=624.673
cy=373.73
k1=-0.174499
k2=0.027029
p1=0
p2=0

[RIGHT_CAM_HD]
fx=698.757
fy=698.757
cx=616.529
cy=380.564
k1=-0.174354
k2=0.0275084
p1=0
p2=0

[LEFT_CAM_VGA]
fx=350.83
fy=350.83
cx=327.836
cy=194.365
k1=-0.174499
k2=0.027029
p1=0
p2=0

[RIGHT_CAM_VGA]
fx=349.379
fy=349.379
cx=323.764
cy=197.782
k1=-0.174354
k2=0.0275084
p1=0
p2=0

[STEREO]
Baseline=120
CV_2K=0.00943458
CV_FHD=0.00943458
CV_HD=0.00943458
CV_VGA=0.00943458
RX_2K=-0.0177066
RX_FHD=-0.0177066
RX_HD=-0.0177066
RX_VGA=-0.0177066
RZ_2K=0.000000644951
RZ_FHD=0.000000644951
RZ_HD=0.000000644951
RZ_VGA=0.000000644951



