[LEFT_CAM_2K]
fx=1400.87
fy=1400.87
cx=1122.16
cy=615.011
k1=-0.174487
k2=0.0271467
p1=0
p2=0

[RIGHT_CAM_2K]
fx=1399.01
fy=1399.01
cx=1052.86
cy=600.014
k1=-0.173154
k2=0.0267182
p1=0
p2=0

[LEFT_CAM_FHD]
fx=1400.87
fy=1400.87
cx=978.162
cy=534.011
k1=-0.174487
k2=0.0271467
p1=0
p2=0

[RIGHT_CAM_FHD]
fx=1399.01
fy=1399.01
cx=908.864
cy=519.014
k1=-0.173154
k2=0.0267182
p1=0
p2=0

[LEFT_CAM_HD]
fx=700.436
fy=700.436
cx=647.581
cy=355.506
k1=-0.174487
k2=0.0271467
p1=0
p2=0

[RIGHT_CAM_HD]
fx=699.507
fy=699.507
cx=612.932
cy=348.007
k1=-0.173154
k2=0.0267182
p1=0
p2=0

[LEFT_CAM_VGA]
fx=350.218
fy=350.218
cx=339.291
cy=185.253
k1=-0.174487
k2=0.0271467
p1=0
p2=0

[RIGHT_CAM_VGA]
fx=349.754
fy=349.754
cx=321.966
cy=181.504
k1=-0.173154
k2=0.0267182
p1=0
p2=0

[STEREO]
Baseline=120
CV_2K=0.022651
CV_FHD=0.022651
CV_HD=0.022651
CV_VGA=0.022651
RX_2K=-0.00617459
RX_FHD=-0.00617459
RX_HD=-0.00617459
RX_VGA=-0.00617459
RZ_2K=0.000393809
RZ_FHD=0.000393809
RZ_HD=0.000393809
RZ_VGA=0.000393809



