[LEFT_CAM_2K]
fx=1401.48
fy=1401.48
cx=1113.02
cy=585.864
k1=-0.175455
k2=0.0286031
p1=0
p2=0

[RIGHT_CAM_2K]
fx=1400.64
fy=1400.64
cx=1060.61
cy=636.874
k1=-0.173496
k2=0.0265992
p1=0
p2=0

[LEFT_CAM_FHD]
fx=1401.48
fy=1401.48
cx=969.019
cy=504.864
k1=-0.175455
k2=0.0286031
p1=0
p2=0

[RIGHT_CAM_FHD]
fx=1400.64
fy=1400.64
cx=916.607
cy=555.874
k1=-0.173496
k2=0.0265992
p1=0
p2=0

[LEFT_CAM_HD]
fx=700.742
fy=700.742
cx=643.009
cy=340.932
k1=-0.175455
k2=0.0286031
p1=0
p2=0

[RIGHT_CAM_HD]
fx=700.322
fy=700.322
cx=616.804
cy=366.437
k1=-0.173496
k2=0.0265992
p1=0
p2=0

[LEFT_CAM_VGA]
fx=350.371
fy=350.371
cx=337.005
cy=177.966
k1=-0.175455
k2=0.0286031
p1=0
p2=0

[RIGHT_CAM_VGA]
fx=350.161
fy=350.161
cx=323.902
cy=190.719
k1=-0.173496
k2=0.0265992
p1=0
p2=0

[STEREO]
Baseline=120
CV_2K=0.0130392
CV_FHD=0.0130392
CV_HD=0.0130392
CV_VGA=0.0130392
RX_2K=-0.0111761
RX_FHD=-0.0111761
RX_HD=-0.0111761
RX_VGA=-0.0111761
RZ_2K=0.00000453945
RZ_FHD=0.00000453945
RZ_HD=0.00000453945
RZ_VGA=0.00000453945



