[LEFT_CAM_2K]
fx = 1395.61
fy = 1395.61
cx = 1130.87
cy = 665.951
k1 = -0.169706
k2 = 0.0254134
p1 = 0.000915873
p2 = -0.000549866


[RIGHT_CAM_2K]
fx = 1398.58
fy = 1398.58
cx = 1073.04
cy = 586.173
k1 = -0.172125
k2 = 0.0269897
p1 = 0.000776719
p2 = -0.000304129


[LEFT_CAM_FHD]
fx = 1395.61
fy = 1395.61
cx = 986.867
cy = 584.951
k1 = -0.169706
k2 = 0.0254134
p1 = 0.000915873
p2 = -0.000549866


[RIGHT_CAM_FHD]
fx = 1398.58
fy = 1398.58
cx = 929.042
cy = 505.173
k1 = -0.172125
k2 = 0.0269897
p1 = 0.000776719
p2 = -0.000304129


[LEFT_CAM_HD]
fx = 697.806
fy = 697.806
cx = 651.933
cy = 380.975
k1 = -0.169706
k2 = 0.0254134
p1 = 0.000915873
p2 = -0.000549866


[RIGHT_CAM_HD]
fx = 699.292
fy = 699.292
cx = 623.021
cy = 341.087
k1 = -0.172125
k2 = 0.0269897
p1 = 0.000776719
p2 = -0.000304129


[LEFT_CAM_VGA]
fx = 348.903
fy = 348.903
cx = 341.467
cy = 197.988
k1 = -0.169706
k2 = 0.0254134
p1 = 0.000915873
p2 = -0.000549866


[RIGHT_CAM_VGA]
fx = 349.646
fy = 349.646
cx = 327.01
cy = 178.043
k1 = -0.172125
k2 = 0.0269897
p1 = 0.000776719
p2 = -0.000304129


[STEREO]
Baseline = 119.999
CV_2K = 0.0105836
CV_FHD = 0.0105836
CV_HD = 0.0105836
CV_VGA = 0.0105836
RX_2K = -0.0109763
RX_FHD = -0.0109763
RX_HD = -0.0109763
RX_VGA = -0.0109763
RZ_2K = -0.00104732
RZ_FHD = -0.00104732
RZ_HD = -0.00104732
RZ_VGA = -0.00104732
