[LEFT_CAM_2K]
fx = 1395.18
fy = 1395.18
cx = 1118.05
cy = 644.083
k1 = -0.171512
k2 = 0.0261161
p1 = 0.0000632221
p2 = -0.000701012


[RIGHT_CAM_2K]
fx = 1396.11
fy = 1396.11
cx = 1120.78
cy = 581.998
k1 = -0.172681
k2 = 0.0271007
p1 = 0.000379827
p2 = -0.000732609


[LEFT_CAM_FHD]
fx = 1395.18
fy = 1395.18
cx = 974.047
cy = 563.083
k1 = -0.171512
k2 = 0.0261161
p1 = 0.0000632221
p2 = -0.000701012


[RIGHT_CAM_FHD]
fx = 1396.11
fy = 1396.11
cx = 976.781
cy = 500.998
k1 = -0.172681
k2 = 0.0271007
p1 = 0.000379827
p2 = -0.000732609


[LEFT_CAM_HD]
fx = 697.591
fy = 697.591
cx = 645.524
cy = 370.042
k1 = -0.171512
k2 = 0.0261161
p1 = 0.0000632221
p2 = -0.000701012


[RIGHT_CAM_HD]
fx = 698.054
fy = 698.054
cx = 646.891
cy = 338.999
k1 = -0.172681
k2 = 0.0271007
p1 = 0.000379827
p2 = -0.000732609


[LEFT_CAM_VGA]
fx = 348.796
fy = 348.796
cx = 338.262
cy = 192.521
k1 = -0.171512
k2 = 0.0261161
p1 = 0.0000632221
p2 = -0.000701012


[RIGHT_CAM_VGA]
fx = 349.027
fy = 349.027
cx = 338.945
cy = 177
k1 = -0.172681
k2 = 0.0271007
p1 = 0.000379827
p2 = -0.000732609


[STEREO]
Baseline = 120.002
CV_2K = 0.0177198
CV_FHD = 0.0177198
CV_HD = 0.0177198
CV_VGA = 0.0177198
RX_2K = 0.00231964
RX_FHD = 0.00231964
RX_HD = 0.00231964
RX_VGA = 0.00231964
RZ_2K = 0.000782725
RZ_FHD = 0.000782725
RZ_HD = 0.000782725
RZ_VGA = 0.000782725
