[LEFT_CAM_2K]
fx = 1403.53
fy = 1403.53
cx = 1117.02
cy = 647.92
k1 = -0.169677
k2 = 0.0247063
p1 = -0.000820369
p2 = -0.00120406


[RIGHT_CAM_2K]
fx = 1399.63
fy = 1399.63
cx = 1116.24
cy = 636.901
k1 = -0.169373
k2 = 0.024975
p1 = -0.000824465
p2 = -0.00105153


[LEFT_CAM_FHD]
fx = 1403.53
fy = 1403.53
cx = 973.023
cy = 566.92
k1 = -0.169677
k2 = 0.0247063
p1 = -0.000820369
p2 = -0.00120406


[RIGHT_CAM_FHD]
fx = 1399.63
fy = 1399.63
cx = 972.24
cy = 555.901
k1 = -0.169373
k2 = 0.024975
p1 = -0.000824465
p2 = -0.00105153


[LEFT_CAM_HD]
fx = 701.767
fy = 701.767
cx = 645.012
cy = 371.96
k1 = -0.169677
k2 = 0.0247063
p1 = -0.000820369
p2 = -0.00120406


[RIGHT_CAM_HD]
fx = 699.816
fy = 699.816
cx = 644.62
cy = 366.451
k1 = -0.169373
k2 = 0.024975
p1 = -0.000824465
p2 = -0.00105153


[LEFT_CAM_VGA]
fx = 350.884
fy = 350.884
cx = 338.006
cy = 193.48
k1 = -0.169677
k2 = 0.0247063
p1 = -0.000820369
p2 = -0.00120406


[RIGHT_CAM_VGA]
fx = 349.908
fy = 349.908
cx = 337.81
cy = 190.725
k1 = -0.169373
k2 = 0.024975
p1 = -0.000824465
p2 = -0.00105153


[STEREO]
Baseline = 119.999
CV_2K = 0.00596772
CV_FHD = 0.00596772
CV_HD = 0.00596772
CV_VGA = 0.00596772
RX_2K = -0.0125722
RX_FHD = -0.0125722
RX_HD = -0.0125722
RX_VGA = -0.0125722
RZ_2K = 0.000348692
RZ_FHD = 0.000348692
RZ_HD = 0.000348692
RZ_VGA = 0.000348692
