[LEFT_CAM_2K]
fx=1391.53
fy=1391.53
cx=1132.9
cy=600.241
k1=-0.167898
k2=0.0243839
p1=-0.000104097
p2=-0.000370546

[RIGHT_CAM_2K]
fx=1399.42
fy=1399.42
cx=1104.73
cy=620.195
k1=-0.17422
k2=0.0272815
p1=0.000181638
p2=-0.000037759

[LEFT_CAM_FHD]
fx=1391.53
fy=1391.53
cx=988.9
cy=519.241
k1=-0.167898
k2=0.0243839
p1=-0.000104097
p2=-0.000370546

[RIGHT_CAM_FHD]
fx=1399.42
fy=1399.42
cx=960.732
cy=539.195
k1=-0.17422
k2=0.0272815
p1=0.000181638
p2=-0.000037759

[LEFT_CAM_HD]
fx=695.766
fy=695.766
cx=652.95
cy=348.12
k1=-0.167898
k2=0.0243839
p1=-0.000104097
p2=-0.000370546

[RIGHT_CAM_HD]
fx=699.708
fy=699.708
cx=638.866
cy=358.098
k1=-0.17422
k2=0.0272815
p1=0.000181638
p2=-0.000037759

[LEFT_CAM_VGA]
fx=347.883
fy=347.883
cx=341.975
cy=181.56
k1=-0.167898
k2=0.0243839
p1=-0.000104097
p2=-0.000370546

[RIGHT_CAM_VGA]
fx=349.854
fy=349.854
cx=334.933
cy=186.549
k1=-0.17422
k2=0.0272815
p1=0.000181638
p2=-0.000037759

[STEREO]
Baseline=120.011
CV_2K=0.0105576
CV_FHD=0.0105576
CV_HD=0.0105576
CV_VGA=0.0105576
RX_2K=-0.00613838
RX_FHD=-0.00613838
RX_HD=-0.00613838
RX_VGA=-0.00613838
RZ_2K=-0.00105475
RZ_FHD=-0.00105475
RZ_HD=-0.00105475
RZ_VGA=-0.00105475



