[LEFT_CAM_2K]
fx = 1398.2
fy = 1398.2
cx = 1091.03
cy = 639.429
k1 = -0.170771
k2 = 0.0261895
p1 = 0.0000381907
p2 = -0.00075494


[RIGHT_CAM_2K]
fx = 1397.22
fy = 1397.22
cx = 1118.07
cy = 587.934
k1 = -0.170482
k2 = 0.0253707
p1 = 0.000317522
p2 = -0.000779568


[LEFT_CAM_FHD]
fx = 1398.2
fy = 1398.2
cx = 947.034
cy = 558.429
k1 = -0.170771
k2 = 0.0261895
p1 = 0.0000381907
p2 = -0.00075494


[RIGHT_CAM_FHD]
fx = 1397.22
fy = 1397.22
cx = 974.074
cy = 506.934
k1 = -0.170482
k2 = 0.0253707
p1 = 0.000317522
p2 = -0.000779568


[LEFT_CAM_HD]
fx = 699.101
fy = 699.101
cx = 632.017
cy = 367.715
k1 = -0.170771
k2 = 0.0261895
p1 = 0.0000381907
p2 = -0.00075494


[RIGHT_CAM_HD]
fx = 698.611
fy = 698.611
cx = 645.537
cy = 341.967
k1 = -0.170482
k2 = 0.0253707
p1 = 0.000317522
p2 = -0.000779568


[LEFT_CAM_VGA]
fx = 349.551
fy = 349.551
cx = 331.508
cy = 191.357
k1 = -0.170771
k2 = 0.0261895
p1 = 0.0000381907
p2 = -0.00075494


[RIGHT_CAM_VGA]
fx = 349.306
fy = 349.306
cx = 338.269
cy = 178.483
k1 = -0.170482
k2 = 0.0253707
p1 = 0.000317522
p2 = -0.000779568


[STEREO]
Baseline = 120.003
CV_2K = 0.00899695
CV_FHD = 0.00899695
CV_HD = 0.00899695
CV_VGA = 0.00899695
RX_2K = -0.0020715
RX_FHD = -0.0020715
RX_HD = -0.0020715
RX_VGA = -0.0020715
RZ_2K = -0.000168002
RZ_FHD = -0.000168002
RZ_HD = -0.000168002
RZ_VGA = -0.000168002
