[LEFT_CAM_2K]
fx=1401.03
fy=1401.03
cx=1139.82
cy=562.455
k1=-0.176058
k2=0.0296353
p1=-0.000576408
p2=-0.000630804

[RIGHT_CAM_2K]
fx=1397.12
fy=1397.12
cx=1116.44
cy=575.998
k1=-0.169817
k2=0.0249327
p1=-0.000725623
p2=-0.00031928

[LEFT_CAM_FHD]
fx=1401.03
fy=1401.03
cx=995.821
cy=481.455
k1=-0.176058
k2=0.0296353
p1=-0.000576408
p2=-0.000630804

[RIGHT_CAM_FHD]
fx=1397.12
fy=1397.12
cx=972.444
cy=494.998
k1=-0.169817
k2=0.0249327
p1=-0.000725623
p2=-0.00031928

[LEFT_CAM_HD]
fx=700.513
fy=700.513
cx=656.41
cy=329.227
k1=-0.176058
k2=0.0296353
p1=-0.000576408
p2=-0.000630804

[RIGHT_CAM_HD]
fx=698.56
fy=698.56
cx=644.722
cy=335.999
k1=-0.169817
k2=0.0249327
p1=-0.000725623
p2=-0.00031928

[LEFT_CAM_VGA]
fx=350.256
fy=350.256
cx=343.705
cy=172.114
k1=-0.176058
k2=0.0296353
p1=-0.000576408
p2=-0.000630804

[RIGHT_CAM_VGA]
fx=349.28
fy=349.28
cx=337.861
cy=175.499
k1=-0.169817
k2=0.0249327
p1=-0.000725623
p2=-0.00031928

[STEREO]
Baseline=119.999
CV_2K=0.00531385
CV_FHD=0.00531385
CV_HD=0.00531385
CV_VGA=0.00531385
RX_2K=-0.0168238
RX_FHD=-0.0168238
RX_HD=-0.0168238
RX_VGA=-0.0168238
RZ_2K=0.000366944
RZ_FHD=0.000366944
RZ_HD=0.000366944
RZ_VGA=0.000366944



